--------BUY-------Analysing RS 19 7
0 3006016
1 4383334
2 2794001
3 3938911
4 4100000
6 4600001
7 4650004
8 5188001
9 5250001
10 2744243
11 2470390
12 2678260
13 2278889
14 3587500
15 3224501
16 3937563
17 3294666
19 2900001
20 2516744
21 1966112
22 3312037
23 2141666
24 2202888
25 2675001
26 2300000
27 2465000
28 2570002
29 1730001
30 1800001
31 1797501
32 1975000
33 2045741
34 1950001
Found 100 Spieler!
--------SELL-------Analysing RS 20 8
0 6000001
2 7566970
3 12000003
4 7066890
5 7309009
6 8999999
11 5700200
13 9877779
17 6618115
18 7543021
20 5200001
24 5000000
28 3333334
30 4500001
31 6133700
33 4200001
34 5111112
Found 27 Spieler!
{"Theoretischer_gewinn": 1980692, "Marktwert": 2581898, "Transfersumme_average_buy": 2824340, "Staerke": 7, "Transfersumme_average_sell": 6809595, "Realistischer_gewinn": 3400939, "Pos": "RS", "Alter": 19}
--------BUY-------Analysing LS 19 7
0 3581733
1 3633467
2 4053335
3 4933333
6 7000001
7 5300000
8 6590003
9 5000000
10 2711601
11 2391403
12 3233670
13 3125000
14 6500000
15 3473607
16 5000002
17 2731288
18 2388889
19 5014352
20 2337624
21 2362500
22 3960000
23 2400000
24 2400000
25 2675001
26 1742631
27 2300002
28 2266667
29 2345001
30 1800001
31 2752503
32 2300001
33 2000000
34 2693057
Found 92 Spieler!
--------SELL-------Analysing LS 20 8
1 7078976
2 7175002
3 6695123
4 7600005
5 7550003
11 5816667
13 5250001
19 5752525
20 4800001
24 5285352
26 7345117
27 6000000
28 5900000
29 4000000
31 7936668
32 5613534
33 4822263
34 4555006
Found 38 Spieler!
{"Theoretischer_gewinn": 1897884, "Marktwert": 2655101, "Transfersumme_average_buy": 3120001, "Staerke": 7, "Transfersumme_average_sell": 6179229, "Realistischer_gewinn": 2474912, "Pos": "LS", "Alter": 19}
--------BUY-------Analysing MS 20 7
0 2399789
1 2629431
2 2952788
3 2569049
4 2116050
5 3001464
6 1993423
7 1800000
8 3826333
9 4466236
10 2731744
11 1978034
12 2370445
13 2098889
14 3029630
15 2250005
16 2333334
17 3040904
18 3568102
19 2284667
20 1541112
21 2264002
22 2267501
23 2050001
24 2050000
25 2226675
26 1987500
27 2874202
28 3049233
29 1316667
30 1655562
31 2266667
32 2900045
33 1711446
34 1765714
Found 172 Spieler!
--------SELL-------Analysing MS 21 8
0 4901348
1 6491667
2 5575000
3 5361755
4 6941939
5 6010000
6 5287501
7 5200000
8 6778434
10 7785215
11 7999999
12 6340740
13 4500001
14 6466668
15 5575988
16 5405001
17 6100003
18 4668520
19 4300000
20 4500001
21 5762748
22 4726291
23 5500001
25 5125000
26 5099495
27 8000000
28 3616668
29 5207006
30 5094893
31 5370197
32 3333334
33 4771920
34 4332594
Found 105 Spieler!
{"Theoretischer_gewinn": 1848514, "Marktwert": 2061712, "Transfersumme_average_buy": 2432666, "Staerke": 7, "Transfersumme_average_sell": 5607635, "Realistischer_gewinn": 2590653, "Pos": "MS", "Alter": 20}
--------BUY-------Analysing TW 19 7
0 9382539
1 8347622
2 8155564
3 8898574
4 7000001
5 7600001
6 10000001
7 7800000
8 7777778
10 5059853
11 4612488
12 5853578
13 3755611
14 6825001
15 6528028
16 6466668
17 3200000
18 5497756
19 3257578
20 4606710
21 3959667
22 6331250
23 3749000
24 7587722
25 5832224
26 4250001
27 2800000
28 4541199
29 4314287
30 3166669
31 3105556
32 3390014
33 3565300
34 4200001
Found 160 Spieler!
--------SELL-------Analysing TW 20 8
0 9444445
1 11057778
2 10988765
3 10258926
4 11138000
5 14066776
7 14444001
8 18700000
9 18747682
11 8690632
12 9500067
13 8852940
14 8901852
15 13750000
16 9555557
17 9655900
18 14500001
19 7354667
21 10266667
22 6321112
23 6700001
24 6724402
25 7019251
26 7000002
27 8890000
28 5069511
29 7222001
31 9962334
32 5700006
33 7900623
34 8000000
Found 96 Spieler!
{"Theoretischer_gewinn": 1826232, "Marktwert": 3661726, "Transfersumme_average_buy": 5454233, "Staerke": 7, "Transfersumme_average_sell": 9390140, "Realistischer_gewinn": 3351591, "Pos": "TW", "Alter": 19}
--------BUY-------Analysing RS 20 7
0 1877858
1 1764206
2 1614001
3 1500000
4 1325029
5 1363872
6 1975518
7 2433781
8 1775000
9 2350001
10 1460113
11 1132753
13 800000
14 1175500
15 1000001
16 1033495
17 1129828
18 1245272
19 1459834
20 1504780
21 1317528
22 1161502
24 1200001
25 860000
26 1231966
28 796666
29 2607780
30 875000
31 952638
32 1500061
33 1579852
Found 107 Spieler!
--------SELL-------Analysing RS 21 8
0 3760096
1 4128429
2 3820970
3 4935926
4 3600000
6 5052000
10 3650001
11 5080011
12 3000001
13 3150000
14 3500000
15 4000000
16 4000001
17 3535000
18 3750001
20 2850000
21 2600001
22 3200000
23 4900001
25 3850001
26 4233333
29 2900000
31 3996667
32 5305501
33 3200001
34 4696283
Found 50 Spieler!
{"Theoretischer_gewinn": 1626094, "Marktwert": 1477036, "Transfersumme_average_buy": 1404175, "Staerke": 7, "Transfersumme_average_sell": 3919612, "Realistischer_gewinn": 1931121, "Pos": "RS", "Alter": 20}
